tree
version=v4
num_class=1
num_tree_per_iteration=1
label_index=0
max_feature_idx=17
objective=binary sigmoid:1
feature_names=Column_0 Column_1 Column_2 Column_3 Column_4 Column_5 Column_6 Column_7 Column_8 Column_9 Column_10 Column_11 Column_12 Column_13 Column_14 Column_15 Column_16 Column_17
feature_infos=[98484.6875:110324.96100000001] [98689.332200000004:110183.1734] [98920.791700000002:110149.26790000001] [98482.93741926481:110334.47497920803] [98577.71248841389:110210.16787180598] [1.6676942302553073:97.802033407269434] [6.728176916518926:85.827532126438058] [-1:1] [0:264] [-1:1] [-1:1] [-1:1] [-1:1] [0:6] [-0.99871650717105276:0.96807711886620429] [-0.99486932339189504:0.97952994125249448] [-0.49999999999999972:1.2246467991473532e-16] [-1:-0.86602540378443882]
tree_sizes=3331 3387 3377 3405 3417 3388 3418 3429 3424 3404 3402 3368 3380 3419 3400

Tree=0
num_leaves=31
num_cat=0
split_feature=1 11 15 14 11 13 14 12 15 6 5 9 8 12 3 5 10 8 9 0 1 5 5 6 0 8 3 8 12 13
split_gain=840.182 448.373 358.433 366.626 342.877 282.553 271.822 259.462 253.977 148.24 139.086 99.9209 101.171 105.556 97.6673 93.8294 76.0395 74.7283 66.9186 63.4948 61.878 57.7216 72.2354 56.4107 53.7694 95.6738 62.57 52.7553 52.3546 49.8499
threshold=104307.51980000002 1.0000000180025095e-35 -0.34552334190817774 -0.52828508881293657 1.0000000180025095e-35 4.5000000000000009 -1.0000000180025095e-35 -0.37940952255126015 -1.0000000180025095e-35 41.06088411324226 56.950857080527832 0.25846434259635342 27.500000000000004 -0.12940952255126037 101715.21738915679 36.935995503017345 -0.96460205851447955 75.500000000000014 0.8897854307135199 104519.17425000003 107019.21110000001 71.720273661423349 29.17042332515317 31.704922380615429 104072.53425000001 15.500000000000002 103854.4185707149 92.500000000000014 -0.12940952255126037 4.5000000000000009
decision_type=2 2 2 2 2 2 2 2 2 2 2 2 2 2 2 2 2 2 2 2 2 2 2 2 2 2 2 2 2 2
left_child=1 2 3 14 5 7 -3 -2 9 -9 11 12 15 -14 23 -4 -5 -8 21 -7 29 22 -11 -1 26 -26 -18 -16 -29 -6
right_child=4 6 10 16 20 19 17 8 -10 18 -12 -13 13 -15 27 -17 24 -19 -20 -21 -22 -23 -24 -25 25 -27 -28 28 -30 -31
leaf_value=-2.2906812499201288 -2.3011740356965036 -2.4540809496747955 -1.8118148825326246 -1.4533732842387797 -2.4387586999129027 -2.040188099010221 -2.1800140275128563 -2.3646923478572472 -2.4738247386856096 -1.8615249454192253 -1.8860754726950177 -2.2783809977111891 -1.5780095043987963 -2.0599814793352578 -2.4287625413760097 -2.3086965189742257 -1.8714626877531915 -1.7135401697352592 -1.6712587953734506 -2.4969111151573888 -2.4998071832633864 -1.8377417521950474 -2.3712505301207769 -1.69504206271974 -1.5534071772772649 -2.1136739119361279 -2.2939482591652043 -1.6750640905125611 -2.3707669869762564 -2.5133255594235226
leaf_weight=3.378738857805728 305.81213760375977 162.17877960205078 5.0305163562297848 2.3275659084320095 430.67481684684753 3.0783963352441779 22.449754402041439 235.30941399931908 324.4326159954071 3.6039727777242723 32.585922487080097 28.906866908073425 7.5833599120378521 11.337498165667055 98.28335002809763 15.542132765054701 5.0305310413241449 4.0544696599245063 3.1534763947129241 271.7245516628027 661.85464286804199 4.2046352997422209 12.163408964872358 3.0033108443021774 5.0305458903312665 7.7335255071520805 11.562746718525885 1.8770692422986028 2.5528145357966414 113.22481536865234
leaf_count=45 4073 2160 67 31 5736 41 299 3134 4321 48 434 385 101 151 1309 207 67 54 42 3619 8815 56 162 40 67 103 154 25 34 1508
internal_value=-2.41855 -2.29003 -2.19987 -2.30299 -2.4419 -2.40317 -2.40556 -2.37577 -2.41491 -2.34095 -2.05611 -2.13711 -2.0337 -1.86681 -2.38996 -2.1872 -2.00355 -2.10866 -2.09936 -2.49179 -2.47927 -2.16695 -2.25474 -2.01038 -2.04717 -1.89286 -2.16586 -2.41355 -2.07598 -2.45428
internal_weight=2799.69 430.449 241.766 140.78 2369.24 1163.48 188.683 888.68 582.868 258.435 100.986 68.4004 39.4935 18.9209 109.095 20.5726 31.6849 26.5042 23.1255 274.803 1205.75 19.972 15.7674 6.38205 29.3573 12.7641 16.5933 102.713 4.42988 543.9
internal_count=37288 5733 3220 1875 31555 15496 2513 11836 7763 3442 1345 911 526 252 1453 274 422 353 308 3660 16059 266 210 85 391 170 221 1368 59 7244
is_linear=0
shrinkage=1


Tree=1
num_leaves=31
num_cat=0
split_feature=1 11 11 13 12 15 14 2 13 6 6 1 11 5 10 12 13 4 10 13 1 6 0 0 5 1 2 5 9 12
split_gain=588.596 293.444 262.876 231.434 184.66 199.245 168.929 146.301 201.147 88.8751 73.978 59.6422 54.0004 52.3996 50.5839 49.2675 74.7145 86.0461 50.5823 46.7684 44.9267 42.7141 42.5679 36.7131 36.0347 37.8693 35.4843 35.3601 47.9553 35.3862
threshold=104276.52290000001 1.0000000180025095e-35 1.0000000180025095e-35 4.5000000000000009 -0.37940952255126015 0.43813463158589139 -1.0000000180025095e-35 102444.23510000001 2.5000000000000004 19.686574241313167 50.266737620407056 107019.21110000001 -0.60355339059327362 24.866276032320176 0.83752119907969325 0.25881904510252057 5.5000000000000009 102215.8676511298 0.88978543071352001 4.5000000000000009 104107.75860000002 15.210272441874858 104519.17425000003 107112.94150000003 27.160439861353805 104754.76240000002 104754.33195000001 65.908426266458719 0.62845792932566591 0.37940952255126048
decision_type=2 2 2 2 2 2 2 2 2 2 2 2 2 2 2 2 2 2 2 2 2 2 2 2 2 2 2 2 2 2
left_child=2 3 7 4 24 10 15 9 12 -1 13 19 -9 -6 -12 -4 -17 -18 -19 23 21 -8 -5 -3 25 -2 -10 28 -11 -30
right_child=1 11 6 22 5 -7 20 8 26 27 14 -13 -14 -15 -16 16 17 18 -20 -21 -22 -23 -24 -25 -26 -27 -28 -29 29 -31
leaf_value=0.084089964057523225 -0.032925341045897713 -0.020254666552572451 -0.08027965020985324 0.24634398782963404 0.34981336612334474 -0.067329811709347445 0.68928984369178004 0.20451473427496136 -0.0010907218619045892 0.30258272249138163 0.36716719640606255 -0.078601559838181789 0.48946055653974485 0.036294693764619877 -0.11156490152537871 -0.042272779468441435 0.8893471628311711 0.060737089396212224 0.49771238771578635 -0.092792769544241205 0.018324165147249858 0.24206159584323519 -0.075604366547106935 0.38796257140692519 0.089715294063423504 0.42365520469913315 0.4166683599970088 0.41416730565904847 0.019058239837055679 0.30022106897639667
leaf_weight=27.58341147005558 2.5411318540573102 422.68888252973557 91.825514174997807 4.1742566227912894 5.4178464338183394 240.89712524414062 2.3656418249011066 53.332321763038635 94.291707865893841 60.575140491127968 11.421866722404955 618.06534957885742 7.5983238965272895 332.20346314460039 2.7357801124453536 43.726443909108639 1.603301048278811 17.126189142465595 3.1337281167507163 104.52683329582214 8.4858071804046613 21.957834012806416 254.37082093954086 2.214663326740264 332.92002694308758 6.3709864169359207 2.078026331961154 17.946396738290787 12.269554764032366 7.0473914593458167
leaf_count=306 29 5722 1260 41 61 3361 23 520 1238 562 110 8815 68 4276 31 600 22 235 43 1508 93 221 3619 30 4022 77 22 157 137 79
internal_value=-0.00083658 -0.021397 0.100914 0.0133285 0.036495 0.00273576 0.0100244 0.162068 0.097834 0.242628 0.0507164 -0.0575013 0.240049 0.0413258 0.274658 -0.0329979 0.0331964 0.184135 0.128327 -0.0328684 0.21644 0.285558 -0.0704065 -0.018127 0.0950275 0.293469 0.00791744 0.287325 0.258832 0.121635
internal_weight=2813.5 2340.55 472.947 1193.05 934.508 592.676 190.224 282.722 157.3 125.422 351.779 1147.5 60.9306 337.621 14.1576 157.415 65.5897 21.8632 20.2599 529.43 32.8093 24.3235 258.545 424.904 341.832 8.91212 96.3697 97.8385 79.8921 19.3169
internal_count=37288 31702 5586 15627 11967 7839 2497 3089 1848 1241 4478 16075 588 4337 141 2160 900 300 278 7260 337 244 3660 5752 4128 106 1260 935 778 216
is_linear=0
shrinkage=0.1


Tree=2
num_leaves=31
num_cat=0
split_feature=11 1 13 15 12 15 1 2 14 13 1 14 10 14 5 8 1 2 5 12 6 5 6 6 6 6 14 3 5 8
split_gain=457.803 364.09 252.119 183.921 129.377 107.87 103.676 113.969 121.198 81.7514 64.9925 80.14 58.6337 57.0072 54.6905 52.5114 44.7355 42.7966 40.3138 36.8373 36.284 38.2571 34.9569 33.7361 66.1638 29.408 28.6441 50.1965 41.4076 27.6963
threshold=1.0000000180025095e-35 102990.0151 4.5000000000000009 -0.81655236941868636 -0.12940952255126037 0.43813463158589139 105298.37390000002 105328.95740000003 0.43982890882219988 1.0000000180025095e-35 104874.41500000002 -1.0000000180025095e-35 -0.10452846326765376 -0.917778335858911 34.022235754050037 4.5000000000000009 104107.75860000002 105185.24865000001 27.682960424324992 0.78656609248549303 11.018449371111656 35.313279989426476 39.237441262361223 17.570822324150484 23.214685612824237 19.686574241313167 -0.87322439853274625 105089.42023103512 79.150839175670612 56.500000000000007
decision_type=2 2 2 2 2 2 2 2 2 2 2 2 2 2 2 2 2 2 2 2 2 2 2 2 2 2 2 2 2 2
left_child=1 -1 3 10 20 9 7 8 13 15 11 -3 -9 19 -10 25 -16 -8 -12 -2 -5 -22 -11 -13 -25 -6 27 -23 -28 -17
right_child=6 2 -4 4 5 -7 17 12 14 22 18 23 -14 -15 16 29 -18 -19 -20 -21 21 26 -24 24 -26 -27 28 -29 -30 -31
leaf_value=0.17266063387870612 -0.0092863230933235199 0.14725744301624016 -0.066959475217084508 0.24823704570155547 0.20089266844826695 -0.072201031745860983 0.40176249157199512 1.0626450716284275 0.54001532643598171 -0.012619846795204184 0.34007450933986422 0.76316020947918584 0.19257505688398002 -0.066619780352607363 0.19025499537519577 0.05563122568061743 0.02148996179570517 -0.066097880553659463 0.062356097249348819 0.11810706032632433 0.14731998272814303 0.54785946122160445 0.12374820125983006 -0.076223070987497893 0.52076688129483262 0.63391779879927812 0.029227114003776838 0.09350327714794221 0.43168363896279571 0.24471668709217279
leaf_weight=172.40298923105001 118.96158875524998 88.979898691177368 275.77513664960861 10.313548654317854 3.2062416225671759 199.01037502288818 1.959577590227126 1.4515064656734469 2.8901169076561919 210.86445628106594 5.4406059458851805 2.4024253636598578 1.6606768965721119 204.5127981454134 27.906505279242992 31.314693748950958 35.92878445982933 862.22107693552971 133.06758230179548 28.050459384918213 42.125427693128586 2.5803944021463385 20.637620434165001 2.6602992713451368 6.143964484333992 3.0700627863407135 261.07052363455296 42.149080485105515 2.5817576050758353 10.292635425925253
leaf_count=1500 1671 847 4094 121 37 2940 27 20 25 2702 43 27 23 2934 228 325 467 12817 1570 360 472 29 216 27 61 30 3054 492 30 99
internal_value=-0.0012421 0.035793 0.0183618 0.0401906 0.0181609 -0.0159383 -0.0452071 -0.00453754 -0.00902376 0.0241384 0.117644 0.178998 0.598371 -0.0324767 0.114532 0.143079 0.095268 -0.065037 0.0732649 0.0150208 0.0633715 0.0579318 -0.0004631 0.431013 0.34038 0.412707 0.0457213 0.119715 0.0331681 0.102406
internal_weight=2811.63 1526.09 1353.69 1077.91 839.217 478.396 1285.54 421.362 418.25 279.386 238.695 100.187 3.11218 351.525 66.7254 47.8836 63.8353 864.181 138.508 147.012 360.821 350.507 231.502 11.2067 8.80426 6.2763 308.382 44.7295 263.652 41.6073
internal_count=37288 18716 17216 13122 10547 6349 18572 5728 5685 3409 2575 962 43 4965 720 491 695 12844 1613 2031 4198 4077 2918 115 88 67 3605 521 3084 424
is_linear=0
shrinkage=0.1


Tree=3
num_leaves=31
num_cat=0
split_feature=11 15 1 12 13 1 14 13 15 13 14 6 12 6 3 10 6 2 12 8 12 6 4 14 3 12 0 1 1 1
split_gain=373.178 278.664 145.229 118.488 111.627 93.8261 107.88 84.2869 54.4798 54.5422 48.0443 46.698 42.3623 41.0514 39.5007 48.1281 38.3598 36.9241 70.6283 33.2886 32.4278 32.0609 31.9168 42.8387 31.6674 35.1116 48.8575 44.9226 30.9357 30.7952
threshold=1.0000000180025095e-35 0.43813463158589139 102536.9096 -0.37940952255126015 4.5000000000000009 107019.21110000001 0.43982890882219988 4.5000000000000009 -0.81655236941868636 1.0000000180025095e-35 -0.917778335858911 62.371821399668896 0.78656609248549303 20.628620196241126 109922.19449047594 -0.70613771591812624 19.686574241313167 107007.83115000003 0.60355339059327384 115.50000000000001 -0.12940952255126037 11.336288665028805 105202.01094916301 0.43982890882219988 103854.4185707149 -0.78656609248549325 106605.48125000003 104874.41500000002 104827.41700000002 104107.75860000002
decision_type=2 2 2 2 2 2 2 2 2 2 2 2 2 2 2 2 2 2 2 2 2 2 2 2 2 2 2 2 2 2
left_child=1 2 16 7 8 6 10 14 13 -10 12 17 -2 24 15 -3 -1 -12 -19 -5 21 -11 23 -15 -4 26 27 -26 -8 -23
right_child=5 3 4 19 -6 -7 28 -9 9 20 11 -13 -14 22 -16 -17 -18 18 -20 -21 -22 29 -24 -25 25 -27 -28 -29 -30 -31
leaf_value=0.050530470084082069 -0.014253616805551412 0.15259208824543888 0.31029478881386274 -0.072159517166636558 -0.039583931324589504 -0.073581628717663813 0.12518276116469418 -0.091509212799803716 0.12438357788069064 0.36265452518017027 -0.060844456935481045 0.22653054314675147 0.10168609091735342 0.13248144546654247 0.3563631125713651 0.022941450630122082 0.16870464860817302 -0.0059058616584801325 0.57057779845509149 0.29593335989077091 0.0012023535736816521 0.23195061983826695 0.072364968635361696 0.30150956119802991 0.24222484367669517 0.013606512067997643 0.45867432077524817 -0.055865429797560318 -0.045955978868480983 0.042205197127013802
leaf_weight=34.4472929649055 162.46614128351212 38.199240446090698 4.5886050760745993 303.91458809375763 135.74105602502823 545.90365815162659 61.476633310317993 44.783787250518799 65.406984090805054 3.3625512272119513 395.87990194559097 5.964321255683898 39.099189043045044 67.730401828885078 4.489707648754119 114.31690317392349 135.57806795090437 10.773843631148337 2.6474536806344977 2.4768837690353385 233.20782417058945 8.976867660880087 54.613936677575111 19.257125616073608 9.5408120155334526 90.366467475891113 4.2080666422843924 10.753947556018828 12.753630876541136 181.33248221874237
leaf_count=316 2303 408 29 4764 2035 8815 573 720 579 33 5951 84 480 603 49 1223 970 157 35 37 2940 95 587 166 70 960 45 115 174 1972
internal_value=-0.00153184 0.0308762 0.0600843 -0.0299972 0.0438908 -0.0425943 -0.0181159 0.0295027 0.0589316 0.0393485 -0.0318222 -0.0512661 0.00823611 0.0958599 0.0640197 0.0554138 0.144762 -0.0553142 0.10781 -0.0691838 0.0263194 0.0565637 0.132282 0.169901 0.0526861 0.0423956 0.14857 0.0842704 0.0957791 0.0511555
internal_weight=2804.26 1567.29 1059.11 508.181 889.087 1236.96 691.061 201.79 753.346 492.287 616.831 415.266 201.565 261.059 157.006 152.516 170.025 409.301 13.4213 306.391 426.88 193.672 141.601 86.9875 119.458 114.869 24.5028 20.2948 74.2303 190.309
internal_count=37288 18716 11515 7201 10229 18572 9757 2400 8194 5619 9010 6227 2783 2575 1680 1631 1286 6143 192 4801 5040 2100 1356 769 1219 1190 230 185 747 2067
is_linear=0
shrinkage=0.1


Tree=4
num_leaves=31
num_cat=0
split_feature=11 15 1 13 0 12 13 14 15 13 14 6 1 3 4 6 2 11 5 15 2 3 9 5 12 3 9 8 14 10
split_gain=307.173 221.479 103.671 106.852 81.6476 79.1775 75.8897 74.7024 42.8525 40.9158 36.4057 35.3589 32.6332 49.6172 39.1828 30.8338 30.1434 44.8072 30.0847 31.1215 29.6668 30.1279 29.6437 29.1655 28.9401 27.6074 33.1307 35.6943 26.9309 26.739
threshold=0.25881904510252091 0.43813463158589139 102536.9096 4.5000000000000009 106962.24525000002 -0.37940952255126015 4.5000000000000009 0.43982890882219988 -0.81655236941868636 1.0000000180025095e-35 1.0000000180025095e-35 27.705105006547562 104874.41500000002 105055.60336867034 103491.37054038963 19.686574241313167 107007.83115000003 0.78656609248549325 79.150839175670612 -0.34552334190817774 104464.66250000002 104826.12417472831 0.15622007704270641 35.313279989426476 0.78656609248549303 104430.35432367759 0.83752119907969325 7.5000000000000009 -0.81970999721622462 -0.70613771591812624
decision_type=2 2 2 2 2 2 2 2 2 2 2 2 2 2 2 2 2 2 2 2 2 2 2 2 2 2 2 2 2 2
left_child=1 2 15 8 7 6 29 10 11 -10 16 20 14 28 24 -1 18 -18 19 -2 21 -4 -21 -15 -11 -13 27 -27 -14 -3
right_child=4 5 3 -5 -6 -7 -8 -9 9 12 -12 25 13 23 -16 -17 17 -19 -20 22 -22 -23 -24 -25 -26 26 -28 -29 -30 -31
leaf_value=0.033165791974883153 -0.056562496865826588 0.10563490710339683 0.10536999192262211 -0.039613681001346553 -0.07822304268001494 -0.061252613586953435 -0.09301977064943906 0.082286385376587473 0.10212757034126858 0.17047776015218274 -0.082740043874945296 0.21212395544903503 0.46446538559728029 0.10829381766882964 -0.053766019399960431 0.13312574728588453 0.44981941658129854 -0.0063677668660175454 0.17778746266503265 -0.034588109576595173 0.036304199424370541 0.46757874728662296 0.049526192393958113 0.019766428439853528 -0.060653054264970085 0.38348531976508926 0.22309167178583339 0.027989421476032846 0.107885768480661 0.020902207629577191
leaf_weight=38.425595372915268 176.74166452139616 50.773503541946411 50.615789800882339 165.74058568477631 446.0686976313591 324.33517599105835 51.802663803100586 62.608808040618896 71.336163729429245 15.512747615575792 115.61073958873749 28.383007995784283 3.9711851477622986 42.084692940115929 94.126117259263992 156.69843788444996 3.3811949640512449 5.927825465798378 7.3096376061439505 92.663421489298344 173.00276376307011 2.4055536836385718 76.477475643157959 321.59756992012262 8.3243218362331373 3.0214899480342856 14.788219869136809 43.304528661072254 4.5389225557446462 139.75273537635803
leaf_count=355 2735 525 352 2575 7627 5401 900 600 579 175 1911 189 40 454 1159 1051 38 91 99 1284 1862 22 1067 3887 113 31 123 416 52 1575
internal_value=-0.00169345 0.0228375 0.0465407 0.0340221 -0.0465533 -0.0289421 0.0143026 -0.0204272 0.0479381 0.0313679 -0.0338775 0.0774258 0.0210697 0.0355959 -0.0247628 0.113441 -0.0182941 0.159327 -0.0229756 -0.0272184 0.0563608 0.121803 0.00344438 0.0300107 0.0897628 0.130625 0.0927753 0.0511757 0.274281 0.0434827
internal_weight=2791.33 1804.54 1237.88 1042.75 986.789 566.664 242.329 540.721 877.013 561.492 478.112 315.521 490.156 372.192 117.963 195.124 362.501 9.30902 353.192 345.883 226.024 53.0213 169.141 363.682 23.8371 89.4972 61.1142 46.326 8.51011 190.526
internal_count=37288 21836 13435 12029 15452 8401 3000 7825 9454 6459 7225 2995 5880 4433 1447 1406 5314 129 5185 5086 2236 374 2351 4341 288 759 570 447 92 2100
is_linear=0
shrinkage=0.1


Tree=5
num_leaves=31
num_cat=0
split_feature=11 15 12 1 2 13 14 13 14 13 6 12 5 8 15 13 0 1 1 1 5 1 5 5 6 12 0 2 1 4
split_gain=255.545 170.186 90.0763 77.418 75.7041 70.0517 66.6394 57.4179 35.9959 34.8582 34.4473 30.1651 29.1483 24.8491 24.1544 32.993 24.7889 35.18 32.2488 55.4274 28.6087 26.6524 26.1719 23.8876 23.8179 23.2748 34.227 23.0643 28.6918 25.5988
threshold=1.0000000180025095e-35 0.43813463158589139 -0.37940952255126015 107019.21110000001 102506.126 4.5000000000000009 0.43982890882219988 4.5000000000000009 -0.917778335858911 4.5000000000000009 62.371821399668896 0.78656609248549303 30.431719175161948 115.50000000000001 -0.81655236941868636 1.0000000180025095e-35 108591.12525000001 108047.46500000001 107317.98200000002 106760.37740000001 58.738852919538722 104874.41500000002 55.728902291992526 33.202310698932251 41.41920050087095 0.78656609248549303 107112.94150000003 104766.65515000002 103410.4529 105166.19699035767
decision_type=2 2 2 2 2 2 2 2 2 2 2 2 2 2 2 2 2 2 2 2 2 2 2 2 2 2 2 2 2 2
left_child=1 4 7 6 24 12 8 -3 11 10 25 -2 -6 -4 16 -16 17 18 19 21 -19 -14 -21 -8 -1 26 -10 28 -17 -29
right_child=3 2 13 -5 5 -7 23 -9 9 -11 -12 -13 14 -15 15 27 -18 20 -20 22 -22 -23 -24 -25 -26 -27 -28 29 -30 -31
leaf_value=0.083493839165812711 -0.013712020130746589 0.04821575284674666 -0.066901396383518275 -0.068287002378366768 0.116089823407514 -0.035810535731824467 0.33775318048751418 -0.087558352583337773 -0.047209611675977516 -0.08939376403045643 0.22811458940836624 0.080387809858890658 0.095039343238298907 0.22175415226837503 0.088243522628129595 0.06972979198904182 -0.11152043902901974 0.15164027333014543 -0.04382111583991645 0.52248634707604558 0.53527610291464711 0.025153164274998946 0.13610689516616944 0.056982934053266543 0.17017907508598543 0.038719741434641672 0.39656422183397161 0.1329392637419696 -0.061669127842374494 0.01958913929287363
leaf_weight=163.24084579944611 161.56678485870361 170.90693807601929 270.57383553683758 482.86601901054382 52.164340928196907 128.06648546457291 3.1480952501296988 38.088133335113525 209.91304051876068 124.0646995306015 5.2714871764183036 43.16855788230896 122.28392122685909 3.0155361443758002 71.235538594424725 21.901673257350922 7.9369403421878806 7.5861693322658521 26.524750910699368 3.8844751194119445 2.613506555557251 98.547449737787247 3.1950593739748001 80.905842661857605 39.334246173501015 41.075767159461975 1.7524940371513356 21.338050164282322 68.880836330354214 300.64831163734198
leaf_count=1102 2303 1680 4764 8815 419 2038 17 720 3346 2228 54 480 888 37 548 250 86 82 284 30 25 1006 30 730 212 584 15 208 875 3432
internal_value=-0.0017775 0.023813 -0.0259594 -0.0377537 0.0448941 0.0329075 -0.015777 0.0234717 -0.0277052 -0.0458352 -0.0248902 0.00612898 0.0437893 -0.0637198 0.0388043 0.0253956 0.0626141 0.0678367 0.0605366 0.072682 0.249941 0.0638522 0.34811 0.0674987 0.100326 -0.0301672 -0.0435354 0.0145493 -0.0299686 0.0271009
internal_weight=2775.7 1621.97 482.584 1153.73 1139.38 936.808 670.867 208.995 586.813 382.077 258.013 204.735 808.741 273.589 756.577 484.004 272.572 264.635 254.436 227.911 10.1997 220.831 7.07953 84.0539 202.575 252.741 211.666 412.769 90.7825 321.986
internal_count=37288 18716 7201 18572 11515 10201 9757 2400 9010 6227 3999 2783 8163 4801 7744 5313 2431 2345 2238 1954 107 1894 60 747 1314 3945 3361 4765 1125 3640
is_linear=0
shrinkage=0.1


Tree=6
num_leaves=31
num_cat=0
split_feature=11 15 0 13 12 0 14 13 2 2 3 7 2 8 14 6 10 2 6 6 12 2 8 11 2 6 9 15 1 12
split_gain=215.148 137.868 70.7658 64.2938 63.1183 57.0394 48.2335 37.2388 42.6801 35.0772 60.3915 40.4764 34.8833 34.2853 31.3665 30.3617 29.1879 27.3014 27.1797 25.7717 25.7576 24.8928 24.2272 22.2084 22.0362 37.3618 23.6284 33.4662 34.686 45.0405
threshold=0.25881904510252091 0.43813463158589139 106962.24525000002 4.5000000000000009 -0.12940952255126037 100680.42575000001 0.43982890882219988 4.5000000000000009 102506.126 109114.65180000001 109096.08530198519 -1.0000000180025095e-35 99888.758300000016 69.500000000000014 -1.0000000180025095e-35 28.170949822505403 0.4067366430758001 109766.20970000002 28.449477947410148 10.72657225173664 0.78656609248549303 109565.30835000002 109.50000000000001 -1.0000000180025095e-35 107007.83115000003 28.990447573527163 0.15622007704270641 -1.0000000180025095e-35 105095.9978 0.25881904510252057
decision_type=2 2 2 2 2 2 2 2 2 2 2 2 2 2 2 2 2 2 2 2 2 2 2 2 2 2 2 2 2 2
left_child=1 5 6 4 9 12 14 15 -9 23 -11 -12 13 20 24 16 19 -18 -13 -7 -1 -17 -5 -3 26 -26 -2 -28 29 -29
right_child=2 3 -4 22 -6 7 -8 8 -10 10 11 18 -14 -15 -16 21 17 -19 -20 -21 -22 -23 -24 -25 25 -27 27 28 -30 -31
leaf_value=0.026094456042802958 -0.043746530065991496 0.02453881627904507 -0.073536528962817413 -0.090081481244046399 -0.049541917446593836 0.15041057923353754 0.060262918661018072 0.063717525268548444 -0.036305652485382776 0.69232272532967376 -0.0077445014601265618 0.12946449083521167 0.20978657333619055 0.31633173509558365 -0.078316030005861237 0.070556923022977253 0.060193926752763229 -0.083236639390518535 0.425434847921212 0.0053620845151554491 0.19502488722896452 -0.045803578921624385 0.41674594781550883 -0.083496336904595875 0.47922149742105935 0.025718423805735857 -0.018077609296667182 0.55421243386807106 0.037013916627606731 0.093374980253502965
leaf_weight=55.298699762672186 183.92413952946663 170.10710495710373 392.89084243774414 127.97605630755424 180.46897149085999 12.624008744955061 69.444808959960938 59.072228625416756 153.54995684325695 1.7510281801223744 19.044908709824082 11.603081166744234 25.435374855995178 5.3734873980283728 101.13237524032593 294.70860858261585 242.81750549376011 14.038184106349943 4.2353137955069533 412.85084477066994 10.786474555730818 19.608222484588623 0.95015767216682334 21.424191623926163 2.3496411927044383 8.0081734322011453 115.80167216062546 3.298689737915991 30.816764295101166 5.9396377801895142
leaf_count=355 2855 1753 7627 2507 3360 110 600 403 2553 29 207 138 148 31 1911 2541 2486 160 34 4375 54 219 13 360 24 105 1796 39 414 81
internal_value=-0.00181433 0.0178489 -0.0414962 -0.0247765 -0.00535092 0.0353917 -0.0173212 0.0294765 -0.00851649 0.0296022 0.119255 0.0904887 0.109216 0.073419 -0.0292604 0.0375818 0.0257356 0.0523549 0.208609 0.00966573 0.0536674 0.0632979 -0.0863463 0.0124543 -0.0150914 0.128594 -0.0194714 0.00917522 0.0879648 0.257924
internal_weight=2757.33 1843.72 913.607 537.561 408.635 1306.16 520.716 1209.27 212.622 228.166 36.6343 34.8833 96.894 71.4587 451.271 996.647 682.331 256.856 15.8384 425.475 66.0852 314.317 128.926 191.531 350.139 10.3578 339.781 155.857 40.0551 9.23833
internal_count=37288 21836 15452 8401 5881 13435 7825 12847 2956 2521 408 379 588 440 7225 9891 7131 2646 172 4485 409 2760 2520 2113 5314 129 5185 2330 534 120
is_linear=0
shrinkage=0.1


Tree=7
num_leaves=31
num_cat=0
split_feature=11 15 1 13 12 4 13 14 8 14 13 0 2 2 6 5 14 11 10 3 15 13 1 0 0 11 12 0 1 1
split_gain=179.086 110.588 64.7575 57.9711 51.9677 42.5727 55.3247 39.3192 25.6521 25.4586 32.1481 23.8207 23.7541 33.8285 50.3291 22.5505 22.2273 61.0135 102.078 24.2521 21.2322 22.0398 23.0217 27.2547 26.196 26.0032 21.7746 21.4161 24.3427 30.8489
threshold=0.25881904510252091 0.43813463158589139 107003.68670000001 4.5000000000000009 -0.12940952255126037 102535.65095224878 4.5000000000000009 0.43982890882219988 115.50000000000001 -0.95291462550664219 4.5000000000000009 107112.94150000003 109114.65180000001 109674.41905000003 28.318849937591647 65.34659393985585 -0.75778426208340921 0.12940952255126045 -0.20791169081775954 105441.86716003763 -0.81655236941868636 1.0000000180025095e-35 104874.41500000002 104170.77425 105088.22175000001 -0.78656609248549303 -0.98296291314453399 108591.12525000001 108065.17830000001 107317.98200000002
decision_type=2 2 2 2 2 2 2 2 2 2 2 2 2 2 2 2 2 2 2 2 2 2 2 2 2 2 2 2 2 2
left_child=1 5 7 4 12 15 20 9 -5 -2 11 -11 -3 14 -14 -1 17 -6 -19 -18 26 -22 23 25 -24 -23 -7 28 29 -28
right_child=2 3 -4 8 16 6 -8 -9 -10 10 -12 -13 13 -15 -16 -17 19 18 -20 -21 21 22 24 -25 -26 -27 27 -29 -30 -31
leaf_value=0.057205717879489797 0.009572252469543973 0.011055295968699898 -0.071667939903153954 -0.088353299597482268 -0.017155962160216951 -0.060252873004037734 -0.033129802737795977 0.051902998868630645 0.4557679216221433 -0.02584703047392331 -0.094099948871117875 0.35247510530831261 0.071095855620227105 -0.057310021726890037 0.36421069961641772 0.14504790185306751 0.27763094497418545 1.1362027027829493 -0.046170990243311595 -0.066094979469165316 0.067756611790514024 0.085086103384887368 0.14394934707914966 -0.063548752191166152 0.018735716469974874 -0.07977144881378212 0.064700599608582127 -0.11069919418763596 0.19216007973069574 -0.044909615293031141
leaf_weight=191.12627231702209 131.03611898422241 193.25594754517078 359.21169745922089 118.49644502997398 21.456194758415226 16.682389259338379 151.66898971796036 72.396369218826294 0.87280681729316612 227.75091052055359 88.264133334159851 1.6765525341033924 21.706872917711738 10.677973628044127 8.0230743363499624 34.500009790062904 2.0819334238767615 1.2885346040129664 1.6850067749619473 146.18688483536243 84.649928733706474 31.546842336654663 17.472553558647633 73.466930001974106 381.98272403329611 13.732671320438383 289.12299796938896 7.4668169915676108 13.4825382232666 28.179154098033905
leaf_count=1228 1800 2113 7484 2513 420 240 2564 600 7 3737 1820 11 233 110 65 180 36 26 34 2844 588 328 151 934 4282 185 2262 86 111 296
internal_value=-0.00183902 0.0157417 -0.0390004 -0.0231067 -0.00510915 0.0310396 0.0229867 -0.0164826 -0.0843748 -0.0275158 -0.0428132 -0.0230824 0.0256347 0.0953626 0.150197 0.0706375 -0.0467061 0.0416761 0.466191 -0.0612685 0.031873 0.0204486 0.0127207 -0.0259377 0.0242127 0.035087 0.0512771 0.0567777 0.0605582 0.0549663
internal_weight=2741.15 1860.81 880.336 525.732 406.362 1335.08 1109.45 521.124 119.369 448.728 317.692 229.427 233.664 40.4079 29.7299 225.626 172.699 24.4297 2.97354 148.269 957.786 602.852 518.202 118.746 399.455 45.2795 354.934 338.252 330.785 317.302
internal_count=37288 21836 15452 8401 5881 13435 12027 7968 2520 7368 5568 3748 2521 408 298 1408 3360 480 60 2880 9463 6468 5880 1447 4433 513 2995 2755 2669 2558
is_linear=0
shrinkage=0.1


Tree=8
num_leaves=31
num_cat=0
split_feature=11 15 0 13 12 0 14 14 6 2 8 6 8 10 11 3 9 15 6 14 5 8 6 13 5 6 12 9 10 3
split_gain=148.457 89.6631 59.3658 51.9585 44.4118 35.5063 31.3387 26.5537 25.6573 23.899 23.4308 36.0642 21.6719 20.3761 26.9094 24.8864 23.5981 29.0956 22.8652 21.5434 20.1272 19.6746 23.8643 38.8667 19.54 22.9382 30.4387 21.3274 18.8033 19.5942
threshold=0.25881904510252091 0.43813463158589139 106962.24525000002 4.5000000000000009 -0.37940952255126015 100680.42575000001 0.43982890882219988 1.0000000180025095e-35 28.170949822505403 99888.758300000016 69.500000000000014 39.237441262361223 69.500000000000014 0.4533683215379003 -0.37940952255126059 102999.10130166453 -0.35787681872537386 -1.0000000180025095e-35 21.913497776079662 0.43982890882219988 35.313279989426476 59.500000000000007 20.446329283718338 2.5000000000000004 79.150839175670612 28.170949822505403 0.78656609248549303 0.74314482547739436 -0.70613771591812624 109922.19449047594
decision_type=2 2 2 2 2 2 2 2 2 2 2 2 2 2 2 2 2 2 2 2 2 2 2 2 2 2 2 2 2 2
left_child=1 5 6 4 28 9 7 24 13 12 -5 -12 -1 -7 15 -15 17 -16 -19 21 -6 22 -17 -24 25 26 -2 -26 -3 -30
right_child=2 3 -4 10 20 8 -8 -9 -10 -11 11 -13 -14 14 16 19 -18 18 -20 -21 -22 -23 23 -25 27 -27 -28 -29 29 -31
leaf_value=0.037944500704341209 -0.010307114066769374 0.075362125239247721 -0.068440771669826692 -0.094178789174308677 0.043757571854871467 0.0007573068340904868 0.04501081350129052 -0.073729492030026475 0.042870957334866129 0.16109373425780643 0.0090979653217893794 0.69806848651436715 0.2299399501873563 0.1715180888069569 0.012838656000106084 -0.0028593192939389825 -0.04397996075935761 0.1017120116820502 0.48459118917327215 0.090482705568944458 -0.051834189499270468 -0.07805925367280063 0.16241876523497326 -0.04705139204999545 0.05518750425870942 -0.050077605715655948 0.10525424064465733 0.4442062614677208 0.00081680984649676412 0.17911154111391109
leaf_weight=70.277314018458128 181.13361807912588 57.928668737411499 345.72611752152443 103.78502674400806 25.314305067062378 532.74945375323296 74.984877586364746 88.87493371963501 418.12822969257832 28.616134524345398 5.9078974686563006 0.87188272550702084 6.4158942550420752 16.596069324761629 27.032394122332335 63.13840214535594 66.081679493188858 4.1220195144414893 2.5091998316347599 64.411597236990929 169.58225107192993 17.837257329374552 27.663180761039257 13.030388582497833 6.5747025385498983 124.47537236660719 26.073956906795502 1.7937694564461706 145.20688509941101 6.437074899673461
leaf_count=409 2903 525 7627 2387 486 5851 600 1911 3827 148 113 20 31 105 318 672 795 44 27 618 3295 176 219 195 79 1999 313 20 1538 37
internal_value=-0.00185602 0.0138667 -0.0365282 -0.0216631 -0.0050567 0.0273357 -0.0146334 -0.0250604 0.0226496 0.0831055 -0.0824129 0.0976999 0.0540062 0.0125257 0.0332571 0.0541832 -0.00926375 0.0588842 0.24659 0.0437184 -0.0394182 0.0189615 0.0356286 0.0953448 -0.0123404 -0.0161479 0.00423454 0.138573 0.0268985 0.00838517
internal_weight=2723.28 1873.64 849.637 515.034 404.469 1358.61 503.911 428.926 1253.3 105.309 110.565 6.77978 76.6932 835.172 302.422 202.677 99.7453 33.6636 6.63122 186.081 194.897 121.669 103.832 40.6936 340.051 331.683 207.208 8.36847 209.573 151.644
internal_count=37288 21836 15452 8401 5881 13435 7825 7225 12847 588 2520 133 440 9020 3169 1985 1184 389 71 1880 3781 1262 1086 414 5314 5215 3216 99 2100 1575
is_linear=0
shrinkage=0.1


Tree=9
num_leaves=31
num_cat=0
split_feature=11 15 1 13 12 0 14 13 2 14 13 8 2 12 15 8 0 5 12 2 8 6 3 10 2 3 2 6 8 3
split_gain=123.389 72.22 53.6577 46.9335 37.4713 27.26 25.9809 21.4667 26.9307 20.7308 29.9128 19.9017 19.5831 19.7001 18.5072 34.2966 44.1052 17.9889 24.3 40.8672 51.4229 18.7442 17.9857 22.2954 17.3327 17.2798 16.6715 21.9113 16.3775 38.2345
threshold=0.25881904510252091 0.43813463158589139 107019.21110000001 4.5000000000000009 -0.12940952255126037 100680.42575000001 0.43982890882219988 4.5000000000000009 102506.126 -0.95291462550664219 4.5000000000000009 69.500000000000014 109848.12785000003 -0.98296291314453399 0.60896546470132462 41.500000000000007 107546.18700000002 46.677755294056766 1.0000000180025095e-35 104683.46340000002 27.500000000000004 39.237441262361223 106597.54619017841 -1.0000000180025095e-35 99888.758300000016 105441.86716003763 109848.12785000003 21.354099428648414 173.50000000000003 109273.9569219025
decision_type=2 2 2 2 2 2 2 2 2 2 2 2 2 2 2 2 2 2 2 2 2 2 2 2 2 2 2 2 2 2
left_child=1 5 6 4 28 24 9 12 -9 -2 17 -5 13 -7 15 -6 -17 -11 19 20 -19 -21 23 -23 -1 -16 -4 -28 -3 -30
right_child=2 3 26 11 14 7 -8 8 -10 10 -12 -13 -14 -15 25 16 -18 18 -20 21 -22 22 -24 -25 -26 -27 27 -29 29 -31
leaf_value=0.047332372679400526 0.0095141727604463409 0.014847337653445118 -0.068535897142364161 -0.092797957797683392 -0.018417958546023124 -0.034328640933432152 0.039249854677381874 0.045076909917641426 -0.032761895421494165 -0.057319602155546594 -0.091774992810387479 0.075828444632271411 -0.041606888019824984 0.031584481198062626 0.19838659609915429 0.53161343112950499 -0.10532793500834184 0.64503751698084066 -0.040203607540423104 -0.0028626106218786113 -0.10643469046394832 0.052011487780818301 -0.0086997804722372778 0.37081984467756751 0.13633195734012274 -0.061635424723176117 -0.10460400383596125 0.60838370645147344 0.40297733213934867 -0.0031415669241201928
leaf_weight=78.568556502461433 130.94155216217041 230.95421308279037 310.39947509765625 95.235818050801754 20.477139580994848 47.561841726303101 77.261518478393555 63.763169705867767 146.7351159453392 80.928396470844746 77.31279993057251 7.5542328134179106 41.448853760957718 972.62084630131721 2.6057834662497035 2.8005507737398139 1.7769517265260217 2.3904709629714485 70.421114802360535 54.046062417328358 1.4709288887679575 4.2785982936620712 6.0429192408919326 4.5014175623655301 30.329210758209229 133.12491511926055 0.88360583782195934 0.84152922034263611 3.6586270034313184 6.3273166120052338
leaf_count=440 1800 2430 7364 2387 403 720 600 403 2553 1425 1823 133 477 8694 36 40 37 38 1176 964 26 51 98 46 148 2844 21 20 31 60
internal_value=-0.00182222 0.0122712 -0.0341614 -0.0201086 -0.0046804 0.0241002 -0.0141626 0.0199896 -0.00918332 -0.0237078 -0.0381413 -0.0804053 0.0257739 0.0285116 -0.042067 0.0368994 0.284358 -0.0196364 0.00166725 0.0422087 0.358778 0.024459 0.124077 0.215461 0.0721197 -0.0566435 -0.0668129 0.243195 0.0202686 0.145651
internal_weight=2707.26 1885.54 821.72 504.516 401.725 1381.03 509.596 1272.13 210.498 432.334 301.393 102.79 1061.63 1020.18 160.785 25.0546 4.5775 224.08 143.152 72.7304 3.8614 68.869 14.8229 8.78002 108.898 135.731 312.125 1.72514 240.94 9.98594
internal_count=37288 21836 15452 8401 5881 13435 8047 12847 2956 7447 5647 2520 9891 9414 3360 480 77 3824 2399 1223 64 1159 195 97 588 2880 7405 41 2521 91
is_linear=0
shrinkage=0.1


Tree=10
num_leaves=31
num_cat=0
split_feature=11 3 13 0 5 1 1 2 3 6 13 8 6 10 3 5 1 2 1 14 15 2 14 9 12 14 11 8 2 14
split_gain=103.036 60.16 81.4177 48.3458 27.1223 24.4493 48.4913 37.5858 34.1607 29.141 28.5873 36.5823 25.0736 22.2954 28.7357 24.7877 33.2184 21.6713 26.7342 36.7232 24.1955 32.2546 22.969 21.5089 30.3974 22.4205 27.2525 31.1009 22.23 20.7756
threshold=0.25881904510252091 105398.48355798204 4.5000000000000009 106962.24525000002 33.202310698932251 106053.23880000001 107052.67570000002 107041.32715000001 106051.45980142012 11.018449371111656 3.5000000000000004 42.500000000000007 28.726823582125125 -0.70613771591812624 107200.45535856282 53.145116674382969 107003.68670000001 105027.33035000002 104276.52290000001 -0.81970999721622462 -0.81655236941868636 104781.12610000001 0.43982890882219988 -0.62845792932566569 -0.9159756150367534 0.87322439853274636 -0.60355339059327362 83.500000000000014 107429.28640000003 0.43982890882219988
decision_type=2 2 2 2 2 2 2 2 2 2 2 2 2 2 2 2 2 2 2 2 2 2 2 2 2 2 2 2 2 2
left_child=1 17 4 29 -3 -6 7 8 12 -8 11 -11 -7 -9 15 16 -15 18 -1 -20 21 22 -21 24 28 -25 27 -27 -13 -2
right_child=3 2 -4 -5 5 6 9 13 -10 10 -12 23 -14 14 -16 -17 -18 -19 19 20 -22 -23 -24 25 -26 26 -28 -29 -30 -31
leaf_value=0.038116690846893855 -0.021535020915285474 0.060762796604820181 -0.076462982409107233 -0.063126153099515733 -0.036320695365903703 0.53926847842699177 0.1329979188196305 0.32204890977722872 0.024445082901412379 -0.017649582845292541 -0.072347177332085372 0.40830579823898738 0.12590643047479294 0.42675715980664108 0.50371524521956423 -0.095468412616219342 -0.042701422012549659 0.072420905741673258 0.27983050291431483 0.0317351593548501 -0.060757328145711997 -0.046438207166270486 0.19233724891969051 0.041006262547767132 -0.049843346570865511 0.14731359227722174 -0.029351764020590046 0.48855157816970829 -0.01970933659231662 0.034380753124115836
leaf_weight=481.21150412037969 410.84848201274872 82.345520235598087 137.34320759773254 306.4797066450119 147.87862677872181 2.1511912271380416 15.292666766792534 7.7869173884391811 91.234187461435795 353.76285534724593 59.790049284696579 2.6766088642179957 4.6166302561759949 3.0617266930639726 1.6207821667194355 5.6793584860861301 2.9686859324574471 111.62807224690914 4.4605085253715506 80.347948864102364 65.328042790293694 57.174727365374565 10.015125274658201 103.59628807753325 39.623519979417324 11.856220647692682 5.8640892505645743 3.4475430995225897 2.2198043055832386 79.268815279006958
leaf_count=3504 7225 903 3342 7627 1728 25 153 78 1109 4422 976 24 48 32 17 67 40 1064 31 794 839 740 53 1200 458 73 58 26 32 600
internal_value=-0.00179561 0.0108899 -0.00450794 -0.0319725 0.00592247 0.000702595 0.00833586 0.0666003 0.0405253 -0.00326769 -0.00684307 0.000644777 0.257296 0.187609 0.109077 0.0544543 0.195649 0.0315077 0.0249697 -0.0041409 -0.0100914 0.0123429 0.049535 0.0388756 -0.0207962 0.0601684 0.153949 0.224186 0.214264 -0.0124915
internal_weight=2691.58 1894.98 1084.82 796.597 947.473 865.128 717.249 119.119 98.002 598.13 582.837 523.047 6.76782 21.1175 13.3306 11.7098 6.03041 810.166 698.538 217.326 212.866 147.538 90.3631 169.284 44.5199 124.764 21.1679 15.3038 4.89641 490.117
internal_count=37288 21836 14811 15452 11469 10566 8838 1416 1182 7422 7269 6293 73 234 156 139 72 7025 5961 2457 2426 1587 847 1871 514 1357 157 99 56 7825
is_linear=0
shrinkage=0.1


Tree=11
num_leaves=31
num_cat=0
split_feature=15 11 13 12 12 9 5 1 2 6 11 2 2 6 8 15 6 12 12 2 9 6 3 10 14 0 2 2 8 5
split_gain=86.6103 54.4394 43.088 37.2767 24.5221 25.4568 38.9234 27.927 25.4363 24.0686 23.2443 41.7965 65.8624 39.6683 25.2218 22.8943 21.9184 43.1749 20.2263 21.8174 20.3571 19.717 21.5339 25.6505 22.3332 23.0202 29.3427 22.8939 23.2531 21.9673
threshold=0.43813463158589139 1.0000000180025095e-35 4.5000000000000009 -0.12940952255126037 0.78656609248549303 0.15622007704270641 60.485730496895499 104704.49820000002 104683.46340000002 20.986307941129017 1.0000000180025095e-35 109423.4351 109583.91680000002 33.847558704844765 69.500000000000014 -0.52625006705264832 48.62245070828839 -0.5 -0.78656609248549325 109608.74835000002 -0.35787681872537386 59.490822237638035 104751.55747567554 -0.15622007704270677 0.43982890882219988 104170.77425 104319.02365000002 102663.88935000001 13.500000000000002 54.955584615134505
decision_type=2 2 2 2 2 2 2 2 2 2 2 2 2 2 2 2 2 2 2 2 2 2 2 2 2 2 2 2 2 2
left_child=1 9 3 10 5 21 -7 -8 -9 18 -2 -12 13 -13 -14 -10 17 -17 19 -1 -20 22 23 -3 27 -26 -27 28 29 -25
right_child=2 4 -4 -5 -6 6 7 8 15 -11 11 12 14 -15 -16 16 -18 -19 20 -21 -22 -23 -24 24 25 26 -28 -29 -30 -31
leaf_value=0.037414723963939661 0.021852678787105211 -0.065804507884624455 -0.077838021660025403 -0.048867109622136438 0.022479861228639514 -0.020755551751920179 -0.023659529874268923 0.41895619628608982 0.046608686006538801 0.032102955505601653 -0.05493793716792203 0.2845467786373268 -0.076242076442681952 1.0452685564820816 0.3883351495017891 0.54176772852671229 -0.10899856207878617 0.079518040032211912 -0.034518872422479495 0.27416256708954351 0.011977736474692403 0.1441451016282731 -0.069066545522117745 0.45525575975041854 0.31782956439206794 -0.04518583471899143 0.34155722048017334 -0.077483834932650153 0.012002281005399759 0.027032862031059698
leaf_weight=76.741587683558464 220.92853629589081 47.78131365776062 156.07142579555511 236.40510594844818 146.64270544052124 192.99106061458588 18.080177314579487 2.7992684617638579 21.440313607454303 791.3252729177475 99.724041998386383 1.9956543371081346 6.931167818605898 1.0441096499562261 1.4055581316351888 3.8356430791318408 1.5789412185549725 4.2699951790273181 150.31062680482864 4.1004986315965644 252.06926818937063 5.463842660188674 175.59383642300963 2.6602302715182331 4.82653984427452 7.7027597278356534 2.632184311747551 21.092802498489618 15.860311590135096 2.1793351620435715
leaf_count=659 2101 688 4320 5460 1920 3460 257 24 353 6690 2293 18 163 28 18 56 22 69 1577 37 2552 71 3624 38 25 53 24 415 247 26
internal_value=-0.00177004 0.00918933 -0.031297 -0.0185185 -0.0137175 -0.0237178 -6.47431e-05 0.07672 0.130218 0.0213645 0.00308967 -0.0342214 0.147375 0.545842 0.00208487 0.10425 0.23186 0.298258 0.00377908 0.0494231 -0.00539126 -0.0439944 -0.0476614 -0.0117746 0.0335535 0.13752 0.0533129 -0.00416323 0.0705492 0.26242
internal_weight=2676.48 1951.98 724.506 568.434 677.431 530.789 244.995 52.0043 33.9242 1274.55 332.029 111.101 11.3765 3.03976 8.33673 31.1249 9.68458 8.10564 483.222 80.8421 402.38 285.793 280.329 104.735 56.9542 15.1615 10.3349 41.7927 20.6999 4.83957
internal_count=37288 22887 14401 10081 11372 9452 4241 781 524 11515 4621 2520 227 46 181 500 147 125 4825 696 4129 5211 5140 1516 828 102 77 726 311 64
is_linear=0
shrinkage=0.1


Tree=12
num_leaves=31
num_cat=0
split_feature=11 4 13 1 2 13 6 0 10 4 2 12 6 1 14 14 4 3 2 3 6 10 5 8 5 5 8 9 1 5
split_gain=72.4279 45.3584 42.351 41.1637 29.3648 26.85 25.8461 23.8607 26.3068 23.015 27.8181 26.2013 23.6199 24.122 19.7831 33.2977 32.9018 28.8832 27.411 25.0975 53.6455 24.092 22.9835 38.4757 21.2806 20.474 20.1236 23.7073 35.2075 19.0203
threshold=0.25881904510252091 107216.0108333981 3.5000000000000004 107019.21110000001 107322.24765000002 1.0000000180025095e-35 42.117583342124014 107155.76775000001 0.96460205851447978 107780.24383729382 109696.73470000002 -0.60355339059327384 35.05876584063887 109913.24940000002 -0.917778335858911 -0.52828508881293657 107166.47963721027 107200.45535856282 104781.12610000001 106478.41697784622 16.810171122307008 -0.88978543071351968 28.674693805905914 13.500000000000002 48.982143873304203 62.814442034478432 94.500000000000014 -0.91354545764260064 106726.4985 77.861456651057281
decision_type=2 2 2 2 2 2 2 2 2 2 2 2 2 2 2 2 2 2 2 2 2 2 2 2 2 2 2 2 2 2
left_child=1 4 9 -2 6 -6 14 8 -7 -3 11 -11 13 29 16 -16 25 18 -17 22 21 -21 23 -20 -23 -1 27 28 -22 -13
right_child=3 2 -4 -5 5 7 -8 -9 -10 10 -12 12 -14 -15 15 17 -18 -19 19 20 26 24 -24 -25 -26 -27 -28 -29 -30 -31
leaf_value=0.018766569644767427 -0.010741899886491666 -0.028761886449173858 -0.061448838583666232 -0.059619052239321929 -0.1161774549125878 0.080025331496119317 0.061879591733491647 0.47244529662833223 0.43378351212279453 0.080704428239379372 -0.039848444922763827 -0.016772632253206618 0.071817544057225527 0.25446537867445823 -0.023779429193057013 0.052099108633054281 0.31018316559316189 0.35732412181926415 -0.086228996872385388 0.63194663902757064 0.48478811167353097 0.48992542555342866 -0.017711718950960187 0.34819671977141553 0.109622684416322 0.085574537765618255 0.23764121854013368 -0.022249574829051443 -0.11042160366369261 0.30566902261378487
leaf_weight=283.03762868046761 488.66341170668602 178.80207021534443 138.90119260549545 266.15592041611671 3.4821144342422512 12.416196007281544 120.75348757579923 2.5219844095408908 2.5305324494838706 73.615933638066053 73.010384559631348 155.28188685327768 49.432745400816202 3.4465668797492972 273.43212676048279 158.74142181687057 4.2314019203186026 2.5245347023010245 3.7160478346049768 1.6076959669589994 2.3288316093385211 1.9747462086379508 249.51054337620735 4.5166496932506561 5.7723965868353844 54.744120627641678 3.8694432675838462 41.796468779444695 1.7335620298981664 1.8512378111481655
leaf_count=2109 8047 2256 3273 7405 33 108 904 19 21 666 936 1951 435 24 3552 1158 38 24 53 16 20 19 3267 53 64 333 25 442 25 12
internal_value=-0.00175229 0.00861356 -0.0122455 -0.0279764 0.0200009 0.137382 0.0179757 0.187925 0.139918 0.000518539 0.0151984 0.0293683 0.0113734 -0.00723372 0.0131276 0.00405401 0.0330656 0.0199726 0.0181818 0.00118799 0.059973 0.279667 -0.0122875 0.152107 0.206562 0.0295941 0.0186444 0.000166021 0.230792 -0.0129738
internal_weight=2664.4 1909.58 674.342 754.819 1235.24 20.9508 1214.29 17.4687 14.9467 535.441 356.639 283.628 210.012 160.58 1093.54 751.524 342.013 478.092 475.568 316.826 59.0831 9.35484 257.743 8.2327 7.74714 337.782 49.7283 45.8589 4.06239 157.133
internal_count=37288 21836 9553 15452 12283 181 12102 148 129 6280 4024 3088 2422 1987 11198 8718 2480 5166 5142 3984 611 99 3373 106 83 2442 512 487 45 1963
is_linear=0
shrinkage=0.1


Tree=13
num_leaves=31
num_cat=0
split_feature=15 13 11 12 12 9 5 1 15 10 3 2 11 2 2 11 4 2 3 10 5 6 3 10 6 14 2 3 12 12
split_gain=61.0932 37.2576 36.2691 31.0839 19.4584 22.3621 29.4412 19.4239 19.3435 19.8837 18.201 17.7762 17.6129 28.6175 28.5626 20.5565 44.5077 20.1413 36.5586 55.8333 16.3027 16.2471 15.4948 22.1183 19.1193 16.1742 19.3561 17.2818 18.1092 17.1607
threshold=0.43813463158589139 4.5000000000000009 1.0000000180025095e-35 -0.12940952255126037 0.78656609248549303 0.15622007704270641 60.485730496895499 104704.49820000002 0.60896546470132462 0.96460205851447978 107257.69824336494 101725.91175000001 1.0000000180025095e-35 109423.4351 109674.41905000003 0.78656609248549325 106823.94693000856 107327.98610000001 107357.15408293817 -0.40673664307580043 41.697002042627226 14.290570463244265 104751.55747567554 -0.15622007704270677 50.266737620407056 -1.0000000180025095e-35 102663.88935000001 104170.2356459032 0.25881904510252057 -1.0000000180025095e-35
decision_type=2 2 2 2 2 2 2 2 2 2 2 2 2 2 2 2 2 2 2 2 2 2 2 2 2 2 2 2 2 2
left_child=2 3 11 12 5 22 -7 -8 9 -5 -11 21 -2 15 -15 -14 -17 18 -18 -20 -13 -1 23 -4 -24 26 29 -27 -29 -25
right_child=1 -3 4 8 -6 6 7 -9 -10 10 -12 20 13 14 -16 16 17 -19 19 -21 -22 -23 24 25 -26 27 -28 28 -30 -31
leaf_value=-0.10767482026565729 0.01968453566853999 -0.073857498438696975 -0.062580464759201912 0.00077691828109663699 0.020091886894766441 -0.017800494873730404 -0.021008268319915188 0.10640225582004791 -0.057602862568293167 0.63679225383343541 0.10067570071497048 0.032261087302315271 -0.084624253044918912 0.22982866482541456 -0.067910976647916163 0.49335895248713169 0.017103877657396235 -0.08595417656855292 -0.10359918518907725 1.0892029777528627 0.0049503903037912298 0.051604211485476337 -0.066514836595046853 -0.018006271727769047 0.10239674238404042 0.27068741740079566 -0.074804018817335297 0.18292687017884501 -0.071571042673576474 0.1584320305914535
leaf_weight=6.6449420843273392 223.32327884435654 137.85680425167084 45.371650740504265 32.307444930076599 148.51925086975098 187.10305219888687 17.62473338842392 37.263476520776749 185.60727167129517 0.93728943169116918 1.9522055238485334 298.08101395517588 59.578195631504059 7.8135596513748151 5.4829414486885071 1.8324109092354799 11.423679359257223 17.001981753855944 0.73775852471590042 0.83836196735501178 819.43669094145298 176.6869882941246 160.8846747353673 12.229675278067591 6.9924490749835959 4.9703620001673725 19.567447274923325 5.225476920604704 6.0136639773845673 10.03639581799507
leaf_count=45 2101 4320 692 715 1920 3460 257 524 4680 14 51 2728 1453 81 146 33 253 507 22 25 7859 883 3586 187 101 23 415 36 43 128
internal_value=-0.00170853 -0.027381 0.00727376 -0.015707 -0.0117851 -0.0210087 0.00109147 0.0654904 -0.0447139 0.0232548 0.27458 0.0169699 0.00381802 -0.0300221 0.107053 -0.0499605 0.0149132 -0.0143087 0.0793939 0.53087 0.0122351 0.0458311 -0.040722 -0.0102726 -0.0594793 0.030616 -0.00224337 0.115419 0.0467541 0.061523
internal_weight=2649.35 686.693 1962.65 548.836 661.802 513.283 241.991 54.8882 220.804 35.1969 2.88949 1300.85 328.032 104.709 13.2965 91.4124 31.8342 30.0018 12.9998 1.57612 1117.52 183.332 271.292 103.415 167.877 58.043 41.8335 16.2095 11.2391 22.2661
internal_count=37288 14401 22887 10081 11372 9452 4241 781 5460 780 65 11515 4621 2520 227 2293 840 807 300 47 10587 928 5211 1524 3687 832 730 102 79 315
is_linear=0
shrinkage=0.1


Tree=14
num_leaves=31
num_cat=0
split_feature=15 13 11 12 13 0 6 1 3 1 9 15 12 15 12 5 5 5 11 2 2 11 2 8 15 0 9 0 6 5
split_gain=51.3483 33.5534 29.4823 26.286 18.828 49.5275 38.7495 23.6868 34.6712 17.8626 36.7578 66.7099 16.7417 16.7027 15.6141 22.011 19.4336 15.2416 15.132 22.8366 18.9133 17.7601 26.7152 15.3099 29.0748 14.976 14.0375 18.0647 17.9686 14.0267
threshold=0.43813463158589139 4.5000000000000009 1.0000000180025095e-35 -0.12940952255126037 4.5000000000000009 102539.70050000002 16.91523794544128 109389.94060000002 109514.16249558296 109329.38890000001 0.54389262614623668 -0.52625006705264832 -1.0000000180025095e-35 0.60896546470132462 0.78656609248549303 23.715908257146065 62.581981276560349 68.544054134399687 -1.0000000180025095e-35 109423.4351 109674.41905000003 0.78656609248549325 107327.98610000001 6.5000000000000009 0.94924387643636254 105403.28825 0.15622007704270641 104170.77425 59.490822237638035 42.837851010942039
decision_type=2 2 2 2 2 2 2 2 2 2 2 2 2 2 2 2 2 2 2 2 2 2 2 2 2 2 2 2 2 2
left_child=2 3 17 18 7 6 -6 8 9 14 -11 -12 -8 -5 15 -4 -17 29 -2 21 -21 -20 23 24 -23 -15 27 -18 -29 -1
right_child=1 -3 4 13 5 -7 12 -9 -10 10 11 -13 -14 25 -16 16 26 -19 19 20 -22 22 -24 -25 -26 -27 -28 28 -30 -31
leaf_value=0.027680877141161936 0.017451788452430835 -0.071482389401712754 0.30819139654418004 0.019949419832467893 0.27108498348095494 -0.0732206796812718 -0.095926317126893507 -0.076469039481207632 0.52733161655465155 -0.10347530271514055 -0.10365864314092275 1.086476024701202 0.081866147753058963 0.36845063469336786 0.035268609597407068 -0.022101807728123465 0.12870446722493736 0.051472702775382823 -0.082622090155928848 0.17406646348153143 -0.065276125901692156 0.059056817942961061 -0.084183857300559883 0.053599782930733801 0.70999481564173261 -0.05682121383941844 0.078510123370829146 -0.082668427784673842 0.14215449117654927 0.0045476599554004028
leaf_weight=384.76300580240786 226.52498412132263 128.67309379577637 2.179433360695838 35.993408799171448 7.3851982094347504 112.46990223228931 9.2571880593895965 39.382484376430511 1.2637674808502186 1.7813934534788125 0.88528108596801747 1.0063717961311338 12.378327582031483 0.83199244365095992 104.11968356370926 289.75190119072795 7.3811761252582064 105.99270486831665 55.149195492267609 9.1950997710227949 5.1512491703033438 1.8169712871313122 15.691306132823227 14.302774187177418 1.102563738822937 175.22727984562516 37.322932310402393 22.894437044858936 4.2084231674671164 822.23880887031555
leaf_count=3267 2101 4320 53 780 58 2708 158 1043 27 55 26 21 140 9 1080 5069 67 730 1453 81 146 38 507 274 21 4671 424 409 34 7518
internal_value=-0.00166802 -0.0255847 0.00647575 -0.014668 -0.010877 -0.0431672 0.0733054 -0.00195674 0.00424992 0.00284799 0.222513 0.529501 0.00579409 -0.0421218 0.00112345 -0.00865056 -0.0105604 0.0151147 0.00303045 -0.028869 0.0881273 -0.0479289 0.0102022 0.0961976 0.304884 -0.0548115 0.0360107 -0.00998754 -0.0477588 0.011922
internal_weight=2636.32 669.66 1966.66 540.987 653.668 141.491 29.0207 512.177 472.795 471.531 3.67305 1.89165 21.6355 212.053 467.858 363.738 361.559 1312.99 328.934 102.409 14.3463 88.0628 32.9136 17.2223 2.91954 176.059 71.807 34.484 27.1029 1207
internal_count=37288 14401 22887 10081 11372 3064 356 8308 7265 7238 102 47 298 5460 7136 6056 6003 11515 4621 2520 227 2293 840 333 59 4680 934 510 443 10785
is_linear=0
shrinkage=0.1


end of trees

feature_importances:
Column_2=44
Column_6=43
Column_12=41
Column_1=40
Column_13=37
Column_5=35
Column_14=33
Column_11=29
Column_15=29
Column_3=26
Column_8=26
Column_0=24
Column_10=18
Column_9=15
Column_4=9
Column_7=1

parameters:
[boosting: gbdt]
[objective: binary]
[metric: binary_logloss]
[tree_learner: serial]
[device_type: gpu]
[data_sample_strategy: bagging]
[data: ]
[valid: ]
[num_iterations: 800]
[learning_rate: 0.1]
[num_leaves: 31]
[num_threads: 0]
[seed: 0]
[deterministic: 0]
[force_col_wise: 1]
[force_row_wise: 0]
[histogram_pool_size: -1]
[max_depth: -1]
[min_data_in_leaf: 20]
[min_sum_hessian_in_leaf: 0.001]
[bagging_fraction: 1]
[pos_bagging_fraction: 1]
[neg_bagging_fraction: 1]
[bagging_freq: 0]
[bagging_seed: 3]
[bagging_by_query: 0]
[feature_fraction: 1]
[feature_fraction_bynode: 1]
[feature_fraction_seed: 2]
[extra_trees: 0]
[extra_seed: 6]
[early_stopping_round: 0]
[early_stopping_min_delta: 0]
[first_metric_only: 0]
[max_delta_step: 0]
[lambda_l1: 0]
[lambda_l2: 0]
[linear_lambda: 0]
[min_gain_to_split: 0]
[drop_rate: 0.1]
[max_drop: 50]
[skip_drop: 0.5]
[xgboost_dart_mode: 0]
[uniform_drop: 0]
[drop_seed: 4]
[top_rate: 0.2]
[other_rate: 0.1]
[min_data_per_group: 100]
[max_cat_threshold: 32]
[cat_l2: 10]
[cat_smooth: 10]
[max_cat_to_onehot: 4]
[top_k: 20]
[monotone_constraints: ]
[monotone_constraints_method: basic]
[monotone_penalty: 0]
[feature_contri: ]
[forcedsplits_filename: ]
[refit_decay_rate: 0.9]
[cegb_tradeoff: 1]
[cegb_penalty_split: 0]
[cegb_penalty_feature_lazy: ]
[cegb_penalty_feature_coupled: ]
[path_smooth: 0]
[interaction_constraints: ]
[verbosity: -1]
[saved_feature_importance_type: 0]
[use_quantized_grad: 0]
[num_grad_quant_bins: 4]
[quant_train_renew_leaf: 0]
[stochastic_rounding: 1]
[linear_tree: 0]
[max_bin: 255]
[max_bin_by_feature: ]
[min_data_in_bin: 3]
[bin_construct_sample_cnt: 200000]
[data_random_seed: 1]
[is_enable_sparse: 1]
[enable_bundle: 1]
[use_missing: 1]
[zero_as_missing: 0]
[feature_pre_filter: 1]
[pre_partition: 0]
[two_round: 0]
[header: 0]
[label_column: ]
[weight_column: ]
[group_column: ]
[ignore_column: ]
[categorical_feature: ]
[forcedbins_filename: ]
[precise_float_parser: 0]
[parser_config_file: ]
[objective_seed: 5]
[num_class: 1]
[is_unbalance: 0]
[scale_pos_weight: 1]
[sigmoid: 1]
[boost_from_average: 1]
[reg_sqrt: 0]
[alpha: 0.9]
[fair_c: 1]
[poisson_max_delta_step: 0.7]
[tweedie_variance_power: 1.5]
[lambdarank_truncation_level: 30]
[lambdarank_norm: 1]
[label_gain: ]
[lambdarank_position_bias_regularization: 0]
[eval_at: ]
[multi_error_top_k: 1]
[auc_mu_weights: ]
[num_machines: 1]
[local_listen_port: 12400]
[time_out: 120]
[machine_list_filename: ]
[machines: ]
[gpu_platform_id: -1]
[gpu_device_id: -1]
[gpu_use_dp: 0]
[num_gpu: 1]

end of parameters

pandas_categorical:null
